0.00000e+0, 0.00000e+0, 0.00000e+0, 5.74098e-4, 0.00000e+0, 2.66546e-3, 0.00000e+0, 0.00000e+0, 0.00000e+0, 0.00000e+0, 0.00000e+0, 5.74098e-4, 0.00000e+0, 2.66546e-3
0.00000e+0, 0.00000e+0, 1.49903e-3, 0.00000e+0,-4.87528e-4, 0.00000e+0, 0.00000e+0, 0.00000e+0, 0.00000e+0, 0.00000e+0, 1.49903e-3, 0.00000e+0,-4.87528e-4, 0.00000e+0
0.00000e+0, 1.49903e-3, 0.00000e+0, 0.00000e+0, 0.00000e+0, 0.00000e+0, 0.00000e+0, 4.96641e-4, 0.00000e+0, 2.40575e-3, 0.00000e+0, 0.00000e+0, 0.00000e+0, 0.00000e+0
5.74098e-4, 0.00000e+0, 0.00000e+0, 0.00000e+0, 0.00000e+0, 0.00000e+0,-4.96641e-4, 0.00000e+0, 2.55155e-4, 0.00000e+0, 0.00000e+0, 0.00000e+0, 0.00000e+0, 0.00000e+0
0.00000e+0,-4.87528e-4, 0.00000e+0, 0.00000e+0, 0.00000e+0, 0.00000e+0, 0.00000e+0,-2.55155e-4, 0.00000e+0,-9.15823e-4, 0.00000e+0, 0.00000e+0, 0.00000e+0, 0.00000e+0
2.66546e-3, 0.00000e+0, 0.00000e+0, 0.00000e+0, 0.00000e+0, 0.00000e+0,-2.40575e-3, 0.00000e+0, 9.15823e-4, 0.00000e+0, 0.00000e+0, 0.00000e+0, 0.00000e+0, 0.00000e+0
0.00000e+0, 0.00000e+0, 0.00000e+0,-4.96641e-4, 0.00000e+0,-2.40575e-3, 0.00000e+0, 0.00000e+0, 0.00000e+0, 0.00000e+0, 0.00000e+0, 4.96641e-4, 0.00000e+0, 2.40575e-3
0.00000e+0, 0.00000e+0, 4.96641e-4, 0.00000e+0,-2.55155e-4, 0.00000e+0, 0.00000e+0, 0.00000e+0, 0.00000e+0, 0.00000e+0,-4.96641e-4, 0.00000e+0, 2.55155e-4, 0.00000e+0
0.00000e+0, 0.00000e+0, 0.00000e+0, 2.55155e-4, 0.00000e+0, 9.15823e-4, 0.00000e+0, 0.00000e+0, 0.00000e+0, 0.00000e+0, 0.00000e+0,-2.55155e-4, 0.00000e+0,-9.15823e-4
0.00000e+0, 0.00000e+0, 2.40575e-3, 0.00000e+0,-9.15823e-4, 0.00000e+0, 0.00000e+0, 0.00000e+0, 0.00000e+0, 0.00000e+0,-2.40575e-3, 0.00000e+0, 9.15823e-4, 0.00000e+0
0.00000e+0, 1.49903e-3, 0.00000e+0, 0.00000e+0, 0.00000e+0, 0.00000e+0, 0.00000e+0,-4.96641e-4, 0.00000e+0,-2.40575e-3, 0.00000e+0, 0.00000e+0, 0.00000e+0, 0.00000e+0
5.74098e-4, 0.00000e+0, 0.00000e+0, 0.00000e+0, 0.00000e+0, 0.00000e+0, 4.96641e-4, 0.00000e+0,-2.55155e-4, 0.00000e+0, 0.00000e+0, 0.00000e+0, 0.00000e+0, 0.00000e+0
0.00000e+0,-4.87528e-4, 0.00000e+0, 0.00000e+0, 0.00000e+0, 0.00000e+0, 0.00000e+0, 2.55155e-4, 0.00000e+0, 9.15823e-4, 0.00000e+0, 0.00000e+0, 0.00000e+0, 0.00000e+0
2.66546e-3, 0.00000e+0, 0.00000e+0, 0.00000e+0, 0.00000e+0, 0.00000e+0, 2.40575e-3, 0.00000e+0,-9.15823e-4, 0.00000e+0, 0.00000e+0, 0.00000e+0, 0.00000e+0, 0.00000e+0