 0.00000e+0, 0.00000e+0, 0.00000e+0,-1.67673e-3, 0.00000e+0,-2.14148e-4, 9.11267e-6, 0.00000e+0,-1.82253e-5, 0.00000e+0, 0.00000e+0, 1.67673e-3, 0.00000e+0, 2.14148e-4
 0.00000e+0, 0.00000e+0,-1.57649e-3, 0.00000e+0, 1.82253e-4, 0.00000e+0, 0.00000e+0,-8.97598e-4, 0.00000e+0, 1.85443e-3, 1.57649e-3, 0.00000e+0,-1.82253e-4, 0.00000e+0
 0.00000e+0, 1.57649e-3, 0.00000e+0, 0.00000e+0, 0.00000e+0, 0.00000e+0, 0.00000e+0, 1.44891e-3, 0.00000e+0, 2.96162e-4, 0.00000e+0, 0.00000e+0, 0.00000e+0, 0.00000e+0
 1.67673e-3, 0.00000e+0, 0.00000e+0, 0.00000e+0, 0.00000e+0,-2.06402e-3,-1.44891e-3, 0.00000e+0, 7.74577e-4, 0.00000e+0, 0.00000e+0, 0.00000e+0, 0.00000e+0, 0.00000e+0
 0.00000e+0,-1.82253e-4, 0.00000e+0, 0.00000e+0, 0.00000e+0, 0.00000e+0, 0.00000e+0,-7.74577e-4, 0.00000e+0, 1.82253e-4, 0.00000e+0, 0.00000e+0, 0.00000e+0, 0.00000e+0
 2.14148e-4, 0.00000e+0, 0.00000e+0, 2.06402e-3, 0.00000e+0, 0.00000e+0,-2.96162e-4, 0.00000e+0,-1.82253e-4, 0.00000e+0, 0.00000e+0, 0.00000e+0, 0.00000e+0, 0.00000e+0
-9.11267e-6, 0.00000e+0, 0.00000e+0, 1.44891e-3, 0.00000e+0, 2.96162e-4, 0.00000e+0, 0.00000e+0, 0.00000e+0, 0.00000e+0, 0.00000e+0, 1.44891e-3, 0.00000e+0, 2.96162e-4
 0.00000e+0, 8.97598e-4,-1.44891e-3, 0.00000e+0, 7.74577e-4, 0.00000e+0, 0.00000e+0, 0.00000e+0, 0.00000e+0, 0.00000e+0,-1.44891e-3, 0.00000e+0, 7.74577e-4, 0.00000e+0
 1.82253e-5, 0.00000e+0, 0.00000e+0,-7.74577e-4, 0.00000e+0, 1.82253e-4, 0.00000e+0, 0.00000e+0, 0.00000e+0, 0.00000e+0, 0.00000e+0,-7.74577e-4, 0.00000e+0, 1.82253e-4
 0.00000e+0,-1.85443e-3,-2.96162e-4, 0.00000e+0,-1.82253e-4, 0.00000e+0, 0.00000e+0, 0.00000e+0, 0.00000e+0, 0.00000e+0,-2.96162e-4, 0.00000e+0,-1.82253e-4, 0.00000e+0
 0.00000e+0,-1.57649e-3, 0.00000e+0, 0.00000e+0, 0.00000e+0, 0.00000e+0, 0.00000e+0, 1.44891e-3, 0.00000e+0, 2.96162e-4, 0.00000e+0, 0.00000e+0, 0.00000e+0, 0.00000e+0
-1.67673e-3, 0.00000e+0, 0.00000e+0, 0.00000e+0, 0.00000e+0, 0.00000e+0,-1.44891e-3, 0.00000e+0, 7.74577e-4, 0.00000e+0, 0.00000e+0, 0.00000e+0, 0.00000e+0, 2.06402e-3
 0.00000e+0, 1.82253e-4, 0.00000e+0, 0.00000e+0, 0.00000e+0, 0.00000e+0, 0.00000e+0,-7.74577e-4, 0.00000e+0, 1.82253e-4, 0.00000e+0, 0.00000e+0, 0.00000e+0, 0.00000e+0
-2.14148e-4, 0.00000e+0, 0.00000e+0, 0.00000e+0, 0.00000e+0, 0.00000e+0,-2.96162e-4, 0.00000e+0,-1.82253e-4, 0.00000e+0, 0.00000e+0,-2.06402e-3, 0.00000e+0, 0.00000e+0
