  0.0000000e+00  0.0000000e+00  0.0000000e+00  0.0000000e+00  0.0000000e+00 -1.3669005e-07 -2.0899909e-04 -6.6636399e-04  0.0000000e+00  1.3669005e-07  0.0000000e+00 -2.0503508e-06  4.5563350e-08
  0.0000000e+00  0.0000000e+00  0.0000000e+00  0.0000000e+00  0.0000000e+00  1.2270210e-04 -4.5563350e-08  0.0000000e+00 -9.1126700e-08 -0.0000000e+00 -9.1126700e-08 -4.5563350e-08 -2.5014279e-04
  0.0000000e+00  0.0000000e+00  0.0000000e+00  0.0000000e+00  0.0000000e+00  4.5563350e-08  0.0000000e+00 -4.5563350e-08 -2.0070656e-04 -1.3669005e-07  2.3451456e-04  0.0000000e+00  4.1007015e-07
  0.0000000e+00  0.0000000e+00  0.0000000e+00  0.0000000e+00  1.3669005e-07 -1.0023937e-06 -1.6612397e-04 -5.7469053e-04  2.7793644e-06  9.5683035e-07  2.4148575e-06 -2.0047874e-06  2.2781675e-07
  0.0000000e+00  0.0000000e+00  0.0000000e+00  1.3669005e-07  0.0000000e+00  0.0000000e+00  0.0000000e+00  0.0000000e+00  9.1126700e-08  2.4080230e-04  0.0000000e+00  0.0000000e+00  0.0000000e+00
 -1.3669005e-07  1.2270210e-04  4.5563350e-08 -1.0023937e-06  0.0000000e+00  0.0000000e+00  0.0000000e+00 -9.1126700e-08  0.0000000e+00  0.0000000e+00  0.0000000e+00  0.0000000e+00  2.1915971e-04
 -2.0899909e-04 -4.5563350e-08  0.0000000e+00 -1.6612397e-04  0.0000000e+00  0.0000000e+00  0.0000000e+00 -2.4080230e-04  0.0000000e+00  0.0000000e+00  0.0000000e+00 -2.1915971e-04  0.0000000e+00
 -6.6636399e-04  0.0000000e+00 -4.5563350e-08 -5.7469053e-04  0.0000000e+00 -9.1126700e-08 -2.4080230e-04  0.0000000e+00  0.0000000e+00  0.0000000e+00  0.0000000e+00 -9.3860501e-05 -0.0000000e+00
  0.0000000e+00 -9.1126700e-08 -2.0070656e-04  2.7793644e-06  9.1126700e-08  0.0000000e+00  0.0000000e+00  0.0000000e+00  0.0000000e+00  0.0000000e+00  9.3860501e-05  0.0000000e+00  2.2781675e-07
  1.3669005e-07 -0.0000000e+00 -1.3669005e-07  9.5683035e-07  2.4080230e-04  0.0000000e+00  0.0000000e+00  0.0000000e+00  0.0000000e+00  0.0000000e+00  0.0000000e+00 -2.2781675e-07  0.0000000e+00
  0.0000000e+00 -9.1126700e-08  2.3451456e-04  2.4148575e-06  0.0000000e+00  0.0000000e+00  0.0000000e+00  0.0000000e+00  9.3860501e-05  0.0000000e+00  0.0000000e+00  0.0000000e+00  0.0000000e+00
 -2.0503508e-06 -4.5563350e-08  0.0000000e+00 -2.0047874e-06  0.0000000e+00  0.0000000e+00 -2.1915971e-04 -9.3860501e-05  0.0000000e+00 -2.2781675e-07  0.0000000e+00  0.0000000e+00  0.0000000e+00
  4.5563350e-08 -2.5014279e-04  4.1007015e-07  2.2781675e-07  0.0000000e+00  2.1915971e-04  0.0000000e+00 -0.0000000e+00  2.2781675e-07  0.0000000e+00  0.0000000e+00  0.0000000e+00  0.0000000e+00
